LES-1
1 01002U 65008C   23320.89779398  .00000001  00000-0 -98502-3 0  9991
2 01002  32.1396 119.3080 0013835 102.5610 257.6435  9.88354124122861
LES-5
1 02866U 67066E   23320.46820601 -.00000075  00000-0  00000-0 0  9997
2 02866   0.7991 168.1766 0055848 121.2394 157.4583  1.09425798120705
PROSPERO
1 05580U 71093A   23320.90272442  .00001107  00000-0  24092-3 0  9997
2 05580  82.0433  35.9778 0520215  43.4680 320.6289 13.96952116616588
AO-07
1  7530U 74089B   23321.49509424 -.00000034  00000-0  77059-4 0  9991
2  7530 101.9641 309.2927 0012324 129.6486 349.8682 12.53669281242628
RS-1
1 11085U 78100B   23320.73355378  .00000005  00000-0 -45374-4 0  9995
2 11085  82.5511 219.9675 0013828  63.2389 309.0639 11.96557291967986
RS-2
1 11086U 78100C   23320.20989017  .00000070  00000-0  78974-3 0  9993
2 11086  82.5521 218.2867 0013179  56.0468  63.5278 11.96740531967982
RS-3
1 12997U 81120A   23321.37294086  .00000027  00000-0  16790-3 0  9995
2 12997  82.9608  67.3527 0059154  80.8215 342.1754 12.15844575860373
RS-8
1 12998U 81120B   23320.42252610  .00000056  00000-0  56409-3 0  9991
2 12998  82.9558 271.8969 0017860 253.5851 229.5193 12.03172164840663
RS-5
1 12999U 81120C   23320.28682431  .00000001  00000-0 -96120-4 0  9990
2 12999  82.9621 238.5551 0015483  89.3514  27.3426 12.05290056843863
RS-4
1 13000U 81120D   23321.19461414  .00000136  00000-0  14386-2 0  9991
2 13000  82.9648 214.4924 0018323 315.9452 199.2511 12.06898303846685
RS-7
1 13001U 81120E   23320.12928889 -.00000043  00000-0 -58699-3 0  9993
2 13001  82.9605 179.9012 0023611 159.0996 322.4954 12.08922970849367
RS-6
1 13002U 81120F   23320.33934394  .00000031  00000-0  22990-3 0  9995
2 13002  82.9563 101.1877 0051737 217.2312 154.9197 12.13820779856956
AO-10
1 14129U 83058B   23320.72150469 -.00000402  00000-0  00000-0 0  9992
2 14129  27.4542  12.7856 6036350 221.0549  72.6749  2.05874261276069
UO-11
1 14781U 84021B   23321.19377148  .00001695  00000-0  20170-3 0  9991
2 14781  97.6782 292.4217 0009694  63.4306 296.7902 14.85602842137858
RS-10
1 18129U 87054A   23321.45929481  .00000065  00000-0  53585-4 0  9999
2 18129  82.9229 300.6999 0012961  58.2871 114.9960 13.73121922824163
LO-19
1 20442U 90005G   23320.91135680  .00000219  00000-0  96345-4 0  9992
2 20442  98.8634 300.8396 0012818  90.8190 269.4462 14.33367822767280
HUBBLE
1 20580U 90037B   23321.19876109  .00004690  00000-0  23563-3 0  9997
2 20580  28.4705 328.7921 0002563 230.2581 205.4827 15.14857409644930
RS-14
1 21087U 91006A   23321.15937637  .00000050  00000-0  36084-4 0  9996
2 21087  82.9410 104.2054 0034849 350.8585 182.3976 13.75373931646185
RS-12
1 21089U 91007A   23321.46845721  .00000062  00000-0  48570-4 0  9991
2 21089  82.9206 317.3619 0030385  56.3520  55.6369 13.74753797644695
TUBSAT-A
1 21577U 91050D   23321.31339010  .00000194  00000-0  75945-4 0  9996
2 21577  98.4969  28.4104 0005836 199.1637 160.9332 14.39829675697657
AO-27
1 22825U 93061C   23321.12532906  .00000130  00000-0  67677-4 0  9998
2 22825  98.8219   6.3404 0008126 348.8916  11.2086 14.30380178572424
IO-26
1 22826U 93061D   23321.08977778  .00000154  00000-0  76457-4 0  9996
2 22826  98.8165   6.1658 0008393 333.3973  26.6777 14.30749504572678
POSAT-1
1 22829U 93061G   23321.42780782  .00000131  00000-0  66632-4 0  9993
2 22829  98.7990   7.2226 0008673 276.7182  83.3013 14.31357052573355
RS-15
1 23439U 94085A   23321.43547454 -.00000048  00000-0 -14344-3 0  9997
2 23439  64.8202  27.8356 0157561 183.1044 176.8914 11.27575633189893
FO-29
1 24278U 96046B   23320.36053488  .00000068  00000-0  10412-3 0  9990
2 24278  98.5529 278.3200 0350595  22.4311 339.1742 13.53161791345519
NOAA-15
1 25338U 98030A   23321.49881697  .00000192  00000-0  97614-4 0  9997
2 25338  98.5923 347.8455 0009634 221.5437 138.5012 14.26434850327112
GO-32
1 25397U 98043D   23321.12543125  .00000126  00000-0  74706-4 0  9991
2 25397  98.8916 280.0534 0002285  69.4200 290.7223 14.23942858317315
ISS
1 25544U 98067A   23321.41134024  .00012504  00000-0  23159-3 0  9995
2 25544  51.6432 289.5972 0000820 300.5175 196.5715 15.49390186425557
OPAL
1 26063U 00004C   23321.27474377  .00000257  00000-0  10539-3 0  9998
2 26063 100.1910  67.1888 0036363 176.8417 183.3000 14.37148444247990
IMAGE
1 26113U 00017A   23320.92155992  .00000151  00000-0 -68428-1 0  9990
2 26113  94.6346 300.0306 7357182  39.7287 355.5819  1.68649921145594
AO-40
1 26609U 00072B   23319.65270899 -.00000124  00000-0  00000-0 0  9994
2 26609   6.1290 153.7012 7917990 220.5538  40.1784  1.25587797105640
NO-44
1 26931U 01043C   23320.98708544  .00000176  00000-0  98207-4 0  9998
2 26931  67.0493 162.2510 0006039 256.8965 103.1463 14.31042054155607
SO-50
1 27607U 02058C   23320.85568188  .00001317  00000-0  19812-3 0  9992
2 27607  64.5528 156.6945 0051645 190.6710 169.3302 14.77910454124996
DTUSAT-1
1 27842U 03031C   23321.00117770  .00000313  00000-0  15901-3 0  9990
2 27842  98.6885 325.2733 0009764  24.0690 336.0942 14.22842779 57646
CO-55
1 27844U 03031E   23321.47785565  .00000397  00000-0  19551-3 0  9993
2 27844  98.6795 326.5216 0010545  46.2014 314.0035 14.22962125 57561
CO-57
1 27848U 03031J   23321.47255784  .00000327  00000-0  16604-3 0  9991
2 27848  98.6828 326.8691 0010628  60.5018 299.7219 14.22447619 57342
RS-22
1 27939U 03042A   23321.49381081  .00001304  00000-0  23108-3 0  9999
2 27939  98.2639 109.8660 0012597  17.5887  73.7650 14.68977725 77041
RS-23
1 28523U 05002C   23321.49829993  .00000166  00000-0  12608-3 0  9994
2 28523  82.9526  38.5996 0038800 145.3367 215.0337 13.87725527953232
VO-52
1 28650U 05017B   23321.18622372  .00003476  00000-0  32272-3 0  9995
2 28650  97.9674 298.5575 0019598 310.8563  49.0958 14.94950609  5203
NOAA-18
1 28654U 05018A   23321.44240185  .00000256  00000-0  16095-3 0  9995
2 28654  98.8971  34.9983 0013377 308.2304  51.7663 14.13056716953218
CO-58
1 28895U 05043F   23320.34667607  .00001857  00000-0  34431-3 0  9992
2 28895  98.1747  91.5010 0015259 315.2504  44.7468 14.66400110963103
RS-25
1 28898U 05043G   23320.82829607  .00000776  00000-0  16496-3 0  9998
2 28898  98.2284  84.8685 0020158  52.4716 307.8313 14.61697479585300
LAPAN-TUBSAT
1 29709U 07001A   23321.50783994  .00000836  00000-0  10838-3 0  9991
2 29709  98.0415 289.8020 0013055  18.8063 341.3630 14.83448158911271
CO-65
1 32785U 08021C   23320.80576304  .00003747  00000-0  35758-3 0  9991
2 32785  97.7281 283.8042 0010656 325.7303  34.3229 14.93877562843661
CAPE-1
1 31130U 07012P   23321.33509408  .00001328  00000-0  27631-3 0  9997
2 31130  98.3254 265.5400 0093092 127.0383 233.9377 14.59049620880549
AAUSAT2
1 32788U 08021F   23320.73073958  .00011282  00000-0  73275-3 0  9992
2 32788  97.5777 297.2925 0006646 167.7965 192.3425 15.08182788846069
CO-66
1 32791U 08021J   23321.46015719  .00006025  00000-0  49906-3 0  9991
2 32791  97.6752 289.8703 0008464 251.0141 109.0165 14.99197403844682
RS-30
1 32953U 08025A   23321.44112510  .00000031  00000-0  15431-3 0  9997
2 32953  82.5055 221.7700 0018507 208.6803 151.3260 12.43132044702692
PRISM
1 33493U 09002B   23321.03562486  .00010615  00000-0  64601-3 0  9991
2 33493  98.2346 346.6465 0013220 251.2772 108.7021 15.10559633806791
STARS-1
1 33498U 09002G   23321.01326978  .00003352  00000-0  41647-3 0  9993
2 33498  98.1241 226.3408 0011061  27.2829 332.8963 14.83245574798470
KKS-1
1 33499U 09002H   23321.46575394  .00001516  00000-0  21903-3 0  9994
2 33499  98.1545 215.6301 0010108  93.7499 266.4867 14.77678079797122
NOAA-19
1 33591U 09005A   23321.36485038  .00000235  00000-0  15104-3 0  9997
2 33591  99.0804   9.6020 0014120 168.3581 191.7919 14.12866881761578
RS-28
1 35868U 09049D   23321.16387269  .00000253  00000-0  13063-3 0  9991
2 35868  98.5846 282.4771 0004988 122.0777 238.0886 14.23334838735579
RS-38
1 35869U 09049E   23321.45715918  .00000139  00000-0  81385-4 0  9996
2 35869  98.6033 281.5872 0005039 142.8396 217.3132 14.22699709735435
SWISSCUBE
1 35932U 09051B   23321.09858519  .00001253  00000-0  28211-3 0  9991
2 35932  98.4966 194.9327 0006188 255.4902 104.5610 14.58213107751531
BEESAT
1 35933U 09051C   23321.41606552  .00001049  00000-0  23866-3 0  9990
2 35933  98.4892 196.4223 0004470 269.8282  90.2404 14.58059774751691
ITUPSAT-1
1 35935U 09051E   23320.87098408  .00001013  00000-0  23570-3 0  9999
2 35935  98.4991 195.7516 0006775 277.3821  82.6606 14.57074465751224
HO-68
1 36122U 09072B   23321.15434751  .00000003  00000-0  12101-3 0  9994
2 36122 100.2625 280.3395 0006961 229.3838 130.6671 13.16390699669023
TISAT-1
1 36799U 10035E   23321.12500291  .00005475  00000-0  46376-3 0  9994
2 36799  98.1088 196.7489 0010519 182.0498 178.0682 14.98393143725317
OOREOS
1 37224U 10062C   23320.48350836 +.00002309 +00000+0 +27250-3 0    10
2 37224  71.9741  45.5570 0014917  52.3162  60.5739 14.85652612540128
JUGNU
1 37839U 11058B   23321.23321625  .00000511  00000-0  12919-3 0  9992
2 37839  19.9614 274.3099 0019016 107.2736  27.5848 14.13058178625565
SRMSAT
1 37841U 11058D   23321.18987000  .00000487  00000-0  12212-3 0  9992
2 37841  19.9736   4.8989 0011614 273.6199 142.0117 14.10983999624661
RAX-2
1 37853U 11061D   23321.05681082  .00023962  00000-0  71463-3 0  9992
2 37853 101.7035 349.9176 0106607 325.2421  34.1870 15.29194824659641
AUBIESAT-1
1 37854U 11061E   23321.43272240  .00032661  00000-0  73267-3 0  9997
2 37854 101.6849  14.7997 0086164 266.0253  93.1124 15.39460860660873
E1P_M-CUBED
1 37855U 11061F   23321.10376768  .00032455  00000-0  76206-3 0  9999
2 37855 101.6989  10.4746 0096613 288.4747  70.6001 15.37180297660437
HORYU-2
1 38340U 12025D   23321.22000779  .00002602  00000-0  35325-3 0  9997
2 38340  98.1681  52.2854 0010565  11.1658 348.9785 14.79724573619120
RS-40
1 38735U 12041C   23321.13401853  .00000004  00000-0 -43883-4 0  9995
2 38735  82.4729 302.7197 0016830 327.1630  32.8403 12.42597751512808
AENEAS
1 38760U          23265.85685185  .00000000  00000-0  15764-2 0    06
2 38760  64.6448 191.4103 0027263 114.7582 355.9422 15.68528680    04
CP5
1 38763U 12048F   23320.42478829 +.00011177 +00000+0 +64433-3 0    19
2 38763  64.6602 240.4819 0094475  96.4612 264.7275 15.09009421544487
METOP-B
1 38771U 12049A   23321.48249046  .00000157  00000-0  91760-4 0  9990
2 38771  98.6594  18.1466 0000849  96.6650  18.5649 14.21508827579325
AAUSAT3
1 39087U 13009B   23321.46988280  .00000811  00000-0  28700-3 0  9996
2 39087  98.3729 152.5681 0012360 155.3887 204.7892 14.37137047561948
STRAND-1
1 39090U 13009E   23320.77160332  .00000432  00000-0  16388-3 0  9991
2 39090  98.3816 149.9446 0009120 162.8072 197.3425 14.35775665561612
RS-43
1 39133U 13015D   23321.48794556  .00004188  00000-0  26433-3 0  9990
2 39133  64.8736  62.6107 0017518 225.5583 134.4107 15.10352167581217
BEESAT-3
1 39135U 13015F   23321.21847579  .00148997  00000-0  11107-2 0  9995
2 39135  64.8440 175.5208 0011182 245.2842 114.7147 15.71995118586132
BEESAT-2
1 39136U 13015G   23321.06923405  .00090470  00000-0  10396-2 0  9993
2 39136  64.8578 191.8898 0020098 254.8143 105.0782 15.61291073585828
TURKSAT-3U
1 39152U 13018C   23321.50361622  .00002725  00000-0  32483-3 0  9998
2 39152  97.8439  45.4437 0014910 344.2700  15.8050 14.85046654570626
CUBEBUG-1
1 39153U 13018D   23321.26793346  .00003029  00000-0  35968-3 0  9993
2 39153  98.0546  78.8299 0015398  11.1391 349.0161 14.85154157570580
ESTCUBE-1
1 39161U 13021C   23320.14408930  .00002259  00000-0  34219-3 0  9996
2 39161  97.8566  28.0433 0008852 193.1419 166.9561 14.75085573565526
CUSAT
1 39266U 13055B   23321.45066768  .00018276  00000-0  36945-3 0  9997
2 39266  80.9716  36.2450 0485040  85.5695 280.0742 14.73373714529748
DANDE
1 39267U 13055C   23320.91626823  .00009603  00000-0  24780-3 0  9990
2 39267  81.0018 124.6370 0608102 299.8400  54.3662 14.42504387522428
ESHAIL-1
1 39233U 13044A   23320.85861906  .00000160  00000-0  00000-0 0  9992
2 39233   0.0568  19.8461 0001909 211.0946 159.3357  1.00272071 37162
ZACUBE-1
1 39417U 13066B   23321.12201403  .00002974  00000-0  33345-3 0  9997
2 39417  97.7077 277.7259 0054345 142.3009 218.2035 14.86482324539901
UNISAT-5
1 39421U 13066F   23321.48249615  .00003809  00000-0  37519-3 0  9993
2 39421  97.5564 295.9658 0029338  23.3193 336.9350 14.92307109542340
TRITON-1
1 39427U 13066M   23321.50774417  .00003106  00000-0  45836-3 0  9996
2 39427  97.8383 241.6875 0107528  46.5190 314.4897 14.72096999535090
DELFI-N3XT
1 39428U 13066N   23320.96764294  .00005153  00000-0  71103-3 0  9998
2 39428  97.8354 240.5552 0109013  58.1704 303.0063 14.74508305534819
GOMX-1
1 39430U 13066Q   23321.47248034  .00001828  00000-0  31865-3 0  9993
2 39430  97.7570 203.5785 0142461 207.5797 151.7797 14.62731428531937
HUMSAT-D
1 39433U 13066T   23321.51095727  .00007402  00000-0  55762-3 0  9996
2 39433  97.4822 314.3395 0018773 293.1807  66.7441 15.02635109543934
VELOX-P2
1 39438U 13066Y   23321.08826978  .00002592  00000-0  31995-3 0  9990
2 39438  97.7622 269.5325 0064082 207.4648 152.3174 14.82262067538710
FIRSTMOVE
1 39439U 13066Z   23320.88317816  .00007434  00000-0  69891-3 0  9990
2 39439  97.7004 282.5573 0054438 128.0830 232.5318 14.93057748540073
CUBEBUG-2
1 39440U 13066AA  23321.09624672  .00003080  00000-0  38850-3 0  9991
2 39440  97.7902 265.1027 0071458 249.1832 110.1716 14.80888534537970
FUNCUBE-1
1 39444U 13066AE  23321.16234606  .00004378  00000-0  46428-3 0  9998
2 39444  97.6932 280.4795 0052759 126.0229 234.5895 14.88554743538974
UWE-3
1 39446U 13066AG  23321.35402669  .00002989  00000-0  35723-3 0  9999
2 39446  97.7553 271.4448 0062859 196.2498 163.6702 14.83532512537715
FIREBIRD-A
1 39463U 13072B   23321.47437598  .00656616  16875-3  27991-2 0  9996
2 39463 120.4155  34.2817 0029828 159.4515 200.7794 15.84076230229973
FIREBIRD-B
1 39464U 13072C   23320.50744724 +.00014003 +00000+0 +84365-3 0    12
2 39464 120.4775  85.9157 0217041 105.0778 257.4404 14.93626913533856
MCUBED-2
1 39469U 13072H   23319.48281753 +.00015414 +00000+0 +91841-3 0    14
2 39469 120.5063  83.4876 0215896 103.7438 258.7751 14.94064311533732
IPEX
1 39471U 13072K   23320.35518451 +.00010159 +00000+0 +68832-3 0    18
2 39471 120.4890  34.4521 0236738  89.9500 272.8683 14.87219489535281
RS-41
1 39492U 13078C   23321.48687813  .00002036  00000-0  20619-3 0  9994
2 39492  82.4167 100.3115 0018699 183.3840 176.7255 14.90361532536874
RS-46
1 39497U 13076E   23321.44759707  .00000024  00000-0  99456-4 0  9996
2 39497  82.4897  36.2745 0012576 352.1566   7.9316 12.43471125448842
RS-47
1 39765U 14028E   23321.47162897  .00000023  00000-0  38033-4 0  9996
2 39765  82.4491 168.5421 0232319  55.0021 307.2650 12.82864784444364
SPROUT
1 39770U 14029E   23321.35805381  .00027305  00000-0  15965-2 0  9991
2 39770  98.0020  94.2403 0005231 170.7139 189.4187 15.11832401515216
UNISAT-6
1 40012U 14033C   23320.79939069  .00002824  00000-0  39066-3 0  9993
2 40012  97.6826 127.5567 0053427 280.6239  78.8958 14.77849797506303
BUGSAT-1
1 40014U 14033E   23321.49448942  .00004134  00000-0  32309-3 0  9997
2 40014  98.1506 347.5129 0035644 121.4645 239.0070 15.01200666513711
AURORA
1 40017U 14033H   23321.47300415  .00002991  00000-0  24446-3 0  9992
2 40017  98.1463 329.5957 0019659 143.9077 216.3476 15.00063899513061
PACE
1 40022U 14033N   23321.42035058  .00004288  00000-0  40294-3 0  9991
2 40022  98.0158 269.7882 0012752 145.1675 215.0382 14.94422520511415
DUCHIFAT-1
1 40021U 14033M   23320.65241320  .00008357  00000-0  65661-3 0  9991
2 40021  98.0746 289.9501 0015099  99.1814 261.1118 15.01072039512032
NCBR1
1 40024U 14033Q   23321.44968211  .00006603  00000-0  55619-3 0  9991
2 40024  98.0501 280.8193 0012462 121.7815 238.4622 14.98504046511865
QB50P1
1 40025U 14033R   23321.09443974  .00005421  00000-0  48914-3 0  9994
2 40025  98.0165 270.9045 0011985 137.2213 222.9942 14.95910168511496
POPSATHIP-1
1 40028U 14033U   23321.40848681  .00004498  00000-0  41263-3 0  9999
2 40028  98.0271 272.8297 0013092 141.1419 219.0744 14.95339565511460
DTUSAT-2
1 40030U 14033W   23321.33246467  .00005082  00000-0  47023-3 0  9998
2 40030  97.9839 264.1124 0011728 134.3349 225.8834 14.94948159511373
QB50P2
1 40032U 14033Y   23321.37388133  .00004204  00000-0  38978-3 0  9995
2 40032  97.9826 264.1704 0011312 136.9468 223.2638 14.94969356511369
ANTELSAT
1 40034U 14033AA  23320.90635085  .00003150  00000-0  42817-3 0  9992
2 40034  97.6794 129.0903 0053355 277.0336  82.4809 14.78512151506342
PERSEUS-M2
1 40037U 14033AD  23320.77754860  .00001462  00000-0  16049-3 0  9995
2 40037  97.9137 246.2074 0013636 171.7151 188.4293 14.89169405510052
PERSEUS-M1
1 40039U 14033AF  23321.36976924  .00001473  00000-0  16285-3 0  9994
2 40039  97.8971 243.4291 0013513 169.0657 191.0857 14.88870737510517
POLYITAN
1 40042U 14033AJ  23321.45161058  .00005219  00000-0  45369-3 0  9999
2 40042  98.0274 273.6509 0013425 129.3983 230.8429 14.97368662511461
TIGRISAT
1 40043U 14033AK  23321.03255543  .00002101  00000-0  29541-3 0  9998
2 40043  97.6745 128.5251 0055648 277.3887  82.1003 14.77343057506270
AISAT
1 40054U 14034B   23321.48624873  .00004285  00000-0  50433-3 0  9995
2 40054  98.3551 161.0341 0011738  89.3181 270.9378 14.85348168506209
CANX-4
1 40055U 14034C   23321.48620563  .00001378  00000-0  20271-3 0  9995
2 40055  98.3939 142.5145 0014243 145.4870 214.7267 14.77110794505170
CANX-5
1 40056U 14034D   23320.95059766  .00001421  00000-0  20877-3 0  9999
2 40056  98.3945 141.9508 0014184 147.3381 212.8707 14.77115433505090
VELOX-1
1 40057U 14034E   23321.47364248  .00002954  00000-0  36678-3 0  9990
2 40057  98.3595 161.5446 0010576 106.1364 254.1013 14.83400529506142
METEOR-M2
1 40069U 14037A   23321.50990686  .00000102  00000-0  66202-4 0  9991
2 40069  98.4285 320.4016 0004620 253.8531 106.2139 14.20842620485426
DX-1
1 40071U 14037C   23321.45817658  .00001673  00000-0  20958-3 0  9996
2 40071  98.3429 219.3621 0009474  89.6781 270.5517 14.83651491506084
UKUBE-1
1 40074U 14037F   23321.32083348  .00004907  00000-0  51256-3 0  9994
2 40074  98.3372 233.9349 0005722  59.3438 300.8342 14.90185859507046
HODOYOSHI-1
1 40299U 14070B   23321.42730825  .00011702  00000-0  31152-3 0  9994
2 40299  97.1737  20.3689 0010980  88.9807 271.2697 15.38287840502328
CHUBUSAT-1
1 40300U 14070C   23321.02152932  .00015326  00000-0  40728-3 0  9995
2 40300  97.1173   2.3011 0015660 106.5383 253.7584 15.38213630501808
TSUBAME
1 40302U 14070E   23321.44969840  .00016378  00000-0  45971-3 0  9990
2 40302  97.1208 328.2355 0025842 166.0677 194.1286 15.36284430500440
GRIFEX
1 40379U 15003D   23321.49022345  .00078612  00000-0  86974-3 0  9993
2 40379  99.0866 297.4827 0057657  95.4982 265.2850 15.60657244487118
EXOCUBE
1 40380U 15003E   23321.17432631  .00034828  00000-0  68998-3 0  9990
2 40380  99.0957 283.6595 0079441 138.4467 222.2851 15.43548816486232
DEORBITSAIL
1 40719U 15032E   23320.91189289  .00004981  00000-0  61279-3 0  9999
2 40719  97.7101 186.4454 0015409 114.1610 246.1217 14.83340866450446
XW-2C
1 40906U 15049H   23321.46429923  .00012446  00000-0  41200-3 0  9995
2 40906  97.4920 329.6006 0010080 354.4501   5.6627 15.31415608451818
XW-2D
1 40907U 15049J   23321.49948071  .00016430  00000-0  49204-3 0  9998
2 40907  97.4890 330.6945 0008518 347.8873  12.2164 15.34563472451940
LILACSAT-2
1 40908U 15049K   23321.46742432  .00005567  00000-0  24588-3 0  9996
2 40908  97.5281 324.3565 0014127  23.6609 336.5274 15.22059765451095
XW-2E
1 40909U 15049L   23321.47798631  .00052956  00000-0  83609-3 0  9993
2 40909  97.4402 339.1903 0003383 297.4664  62.6245 15.53339383452800
XW-2F
1 40910U 15049M   23321.48562112  .00049801  00000-0  81368-3 0  9994
2 40910  97.4509 338.4575 0004263 300.9139  59.1694 15.52395656452535
XW-2B
1 40911U 15049N   23321.45694292  .00016023  00000-0  48502-3 0  9990
2 40911  97.4866 330.9807 0008619 349.3178  10.7880 15.34230361451817
DCBB
1 40912U 15049P   23321.47325138  .00107084  00000-0  10034-2 0  9999
2 40912  97.3971 344.1551 0003697 198.0777 162.0352 15.66869662453399
LAPAN-A2
1 40931U 15052B   23317.35474638  .00001462  00000-0  11169-3 0  9990
2 40931   5.9993 101.5318 0013595 249.5202 110.3466 14.77471474439339
LQSAT
1 40958U 15057A   23321.45476555  .00000661  00000-0  10694-3 0  9992
2 40958  97.6877 347.6966 0019253  89.1924 271.1491 14.74221712436274
FOX-1A
1 40967U 15058D   23320.49914281 +.00005469 +00000+0 +55969-3 0    17
2 40967  64.7740 294.5625 0170515  15.3860 345.2339 14.81303545437008
BISONSAT
1 40968U 15058E   23320.47868237 +.00010515 +00000+0 +96296-3 0    11
2 40968  64.7717 275.2720 0158015  13.0893 347.4242 14.86263613437257
GALASSIA
1 41170U 15077E   23321.10496013  .00228421  00000-0  16139-2 0  9999
2 41170  14.9831 126.9880 0004325  83.5059 276.5763 15.71930315439994
CHUBUSAT-2
1 41338U 16012B   23321.18231569  .00004241  00000-0  28116-3 0  9997
2 41338  31.0036 318.6492 0012321 262.3768  97.5469 15.05527065425445
CHUBUSAT-3
1 41339U 16012C   23321.39699324  .00003547  00000-0  23600-3 0  9999
2 41339  31.0100 314.7663 0012221 271.2130  88.7107 15.05241497425461
HORYU-4
1 41340U 16012D   23320.24700884  .00008578  00000-0  49789-3 0  9993
2 41340  31.0043 283.3935 0011003 324.0502  35.9396 15.10766129425711
OUFTI-1
1 41458U 16025C   23321.51349871  .00064513  00000-0  10072-2 0  9996
2 41458  98.1550 183.2604 0066674 269.4934  89.8676 15.51024837416654
ESTAR-2
1 41459U 16025D   23321.41684145  .00045901  00000-0  91137-3 0  9994
2 41459  98.1611 179.4782 0079504 281.9510  77.2830 15.43415153416415
RS-48
1 41465U 16026B   23321.44949604  .00043716  00000-0  36730-3 0  9999
2 41465  96.9671 190.8629 0006816  37.6407 322.5332 15.69756027423909
NUSAT-1
1 41557U 16033B   23294.57261523  .13570584  25586-5  20126-3 0  9994
2 41557  97.3596  50.5245 0012741 279.5777  80.4087 16.47966609413529
LAPAN-A3
1 41603U 16040E   23321.48232362  .00002402  00000-0  10336-3 0  9990
2 41603  97.1561 339.9745 0013827 129.4659 230.7804 15.23459822410822
BIROS
1 41604U 16040F   23321.00536058  .00008658  00000-0  27853-3 0  9999
2 41604  97.1478 351.2298 0011752  92.7186 267.5402 15.32399073411477
3CAT-2
1 41732U 16051B   23321.36494904  .00243784  00000-0  10116-2 0  9999
2 41732  97.3898 260.4413 0007862 129.7940 230.4023 15.85117934405421
PRATHAM
1 41783U 16059A   23320.83511649  .00000805  00000-0  16029-3 0  9995
2 41783  97.8555 345.0867 0032298 339.4581  20.5321 14.64296081381314
PEGASUS-1
1 41784U 16059B   23320.78828229  .00001058  00000-0  20407-3 0  9991
2 41784  97.8554 347.4465 0030356 333.5580  26.4073 14.65142874381401
ALSAT-1N
1 41789U 16059G   23321.35031256  .00000954  00000-0  18242-3 0  9994
2 41789  97.8524 351.2819 0026571 316.9820  42.9307 14.65832795381709
CAS-2T
1 41847U 16066G   23320.20473842  .00001534  00000-0  23286-3 0  9990
2 41847  98.4880  27.9634 0358534 101.0541 263.1183 14.40344257368683
KAIDUN-1
1 41915U 17002C   23321.47095983  .00007724  00000-0  33510-3 0  9991
2 41915  97.2286 351.8449 0005936 269.3437  90.7120 15.22595965378441
PEASSS
1 42015U 17008BV  23321.13225704  .00558653  13517-3  12477-2 0  9998
2 42015  97.1723  27.8756 0003502 246.1901 113.9010 15.97823517376785
CAS-4A
1 42761U 17034D   23321.48557863  .00008094  00000-0  36806-3 0  9999
2 42761  43.0154 339.9783 0011207  15.2716 344.8470 15.21004311354958
CAS-4B
1 42759U 17034B   23321.47111296  .00008882  00000-0  40345-3 0  9999
2 42759  43.0162 341.5602 0010524  14.2298 345.8847 15.20954580354947
NIUSAT
1 42766U 17036B   23321.03125110  .00044761  00000-0  74574-3 0  9998
2 42766  97.1369 349.8732 0004734 259.9426 100.1293 15.51869086356204
AALTO-1
1 42775U 17036L   23320.29510090  .00024572  00000-0  55109-3 0  9991
2 42775  97.1352 346.5436 0005934 275.8269  84.2303 15.43378106355916
URSA-MAIOR
1 42776U 17036M   23320.81588582  .00035053  00000-0  69407-3 0  9993
2 42776  97.1327 348.9848 0005743 266.7213  93.3381 15.46979555356105
MAX-VALIER
1 42778U 17036P   23320.10333907  .00034173  00000-0  63932-3 0  9995
2 42778  97.1340 352.1058 0004245 262.3262  97.7507 15.48633925356157
PEGASUS
1 42784U 17036V   23321.34867873  .00134329  00000-0  99187-3 0  9998
2 42784  97.1219 358.7839 0002841 205.3635 154.7490 15.72580477356806
SKCUBE
1 42789U 17036AA  23316.24878152  .15089340  24242-5  33245-3 0  9998
2 42789  97.0967 358.2701 0009105 256.4814 103.5475 16.46095853356311
VENTA-1
1 42791U 17036AC  23320.88275195  .00153420  00000-0  11005-2 0  9999
2 42791  97.1194 359.5909 0002503 205.4006 154.7136 15.73209958356799
D-SAT
1 42794U 17036AF  23321.45923277  .00003664  00000-0  28023-3 0  9990
2 42794  97.4800 306.6614 0114166 144.6932 216.1921 14.97415037348884
TECHNOSAT
1 42829U 17042E   23321.48961707  .00002700  00000-0  25345-3 0  9993
2 42829  97.3808 149.8276 0014702  72.0857 288.1966 14.94668177345388
XINYUN
1 43012U 17072C   23320.59842057  .00000601  00000-0  13125-3 0  9999
2 43012  98.6284  22.0458 0126241 173.4195 186.8697 14.56961397319140
EAGLESAT
1 43016U 17073D   23320.63180203  .00011205  00000-0  71471-3 0  9997
2 43016  97.6071 201.1759 0212789 277.9446  79.7673 14.92018415324013
FOX-1B
1 43017U 17073E   23321.24193587  .00006785  00000-0  45794-3 0  9991
2 43017  97.6042 199.5837 0222978 283.0205  74.6205 14.88849613323933
INS-1C
1 43116U 18004F   23318.00563449  .05200883  24246-5  12658-2 0  9999
2 43116  97.3099  46.1842 0009559 280.0106  80.0109 16.29277617325842
ARKYD-6A
1 43130U 18004V   23321.48118365  .00078711  00000-0  83719-3 0  9996
2 43130  97.3108  42.8345 0004152 277.8170  82.2618 15.63764667326033
FOX-1D
1 43137U 18004AC  23321.47130149  .00093976  00000-0  88859-3 0  9996
2 43137  97.3109  43.9532 0003784 277.9040  82.1791 15.66686884326104
SIGMA
1 43143U 18004AJ  23316.95209561  .02592973  24144-5  77798-3 0  9998
2 43143  97.3097  50.6433 0009283 280.2242  79.8004 16.26944402326103
TY-2
1 43155U 18008A   23321.45157296  .00022040  00000-0  67441-3 0  9998
2 43155  97.2760  10.8731 0012087 121.3891 238.8536 15.33778177322072
ZHOU-ENLAI
1 43156U 18008B   23321.49349923  .00026646  00000-0  77339-3 0  9996
2 43156  97.2808  11.3531 0009633 122.2459 237.9720 15.35436986322024
TY-6
1 43158U 18008D   23321.39176102  .00017157  00000-0  59708-3 0  9991
2 43158  97.2849   7.2806 0010553 126.6591 233.5621 15.29706802321782
SNET-A
1 43186U 18014G   23321.16762397  .00003252  00000-0  25310-3 0  9994
2 43186  97.6006 221.9818 0012678  20.4823 339.6908 15.01882173316505
SNET-B
1 43187U 18014H   23320.70274521  .00003233  00000-0  25163-3 0  9996
2 43187  97.6026 221.4597 0013361  19.0484 341.1238 15.01880113316432
SNET-C
1 43188U 18014J   23320.70257803  .00003236  00000-0  25181-3 0  9994
2 43188  97.6028 221.5565 0013250  19.2643 340.9080 15.01883658316436
SNET-D
1 43189U 18014K   23320.30553827  .00003436  00000-0  26700-3 0  9996
2 43189  97.6061 221.0701 0014471  14.6053 345.5587 15.01887632314922
GOMX-4B
1 43196U 18015E   23321.15881202  .00023225  00000-0  51574-3 0  9995
2 43196  97.5941 117.4900 0012001  18.3114 341.8563 15.43634481322482
GOMX-4A
1 43197U 18015F   23321.43327870  .00024625  00000-0  46969-3 0  9990
2 43197  97.5918 120.7766 0011181   9.7696 350.3769 15.48088314322735
HA-1
1 43156U 18008B   23321.49349923  .00026646  00000-0  77339-3 0  9996
2 43156  97.2808  11.3531 0009633 122.2459 237.9720 15.35436986322024
LUOJIA1-01
1 43485U 18048B   23321.46426126  .00001922  00000-0  26220-3 0  9996
2 43485  97.8952  38.9364 0009851 329.3129  30.7506 14.79758935294397
CUBEBEL-1
1 43666U 18083E   23321.48258066  .00061345  00000-0  92000-3 0  9998
2 43666  97.3598 355.3155 0004290 280.6786  79.3985 15.54719544280867
TY-4
1 43669U 18083H   23321.50246081  .00038768  00000-0  78052-3 0  9992
2 43669  97.3628 348.7923 0003398 300.9924  59.0991 15.46486799280531
TEN-KOH
1 43677U 18084G   23321.37173069  .00002113  00000-0  20290-3 0  9998
2 43677  98.0354 104.3912 0014890   7.0372 353.1053 14.94124319274921
DIWATA-2
1 43678U 18084H   23321.45621760  .00001402  00000-0  13669-3 0  9996
2 43678  98.0445 108.7993 0009855  22.1110 338.0532 14.94120777275146
STARS-AO
1 43679U 18084J   23321.40202196  .00003450  00000-0  29165-3 0  9993
2 43679  98.0437 112.9710 0008600  15.3522 344.7959 14.98745183275369
ESHAIL-2
1 43700U 18090A   23320.50049146  .00000163  00000-0  00000-0 0  9991
2 43700   0.0142 283.2286 0001422 345.1641 352.9695  1.00273483 18216
REAKTOR
1 43743U 18096AA  23295.86021167  .15419510  25267-5  20216-3 0  9994
2 43743  97.2858  29.3911 0011730 268.5420  91.4540 16.48838571274250
MINXSS-2
1 43758U 18099A   23320.60950319  .00005924  00000-0  42989-3 0  9992
2 43758  97.5844  21.7239 0018015 329.9237  30.0953 15.04151388270634
K2SAT
1 43761U 18099D   23321.16899859  .00002558  00000-0  21826-3 0  9996
2 43761  97.5530  17.7475 0012251 335.4795  24.5844 14.98519608270478
AISTECHSAT-2
1 43768U 18099L   23320.89306692  .00003946  00000-0  32218-3 0  9999
2 43768  97.5455  16.0549 0007350 332.4594  27.6239 14.99951843270129
FOX-1C
1 43770U 18099N   23321.10668470  .00005416  00000-0  41648-3 0  9993
2 43770  97.5799  18.7575 0014577   7.8849 352.2602 15.02032718270549
RANGE-A
1 43772U 18099Q   23321.44098131  .00006604  00000-0  47701-3 0  9999
2 43772  97.5564  22.1535 0004380 280.5107  79.5626 15.04399007270683
RANGE-B
1 43773U 18099R   23321.12063642  .00003674  00000-0  30015-3 0  9998
2 43773  97.5485  16.1154 0012443 336.9225  23.1439 14.99931362270475
MOVE-II
1 43780U 18099Y   23321.17322190  .00010018  00000-0  65805-3 0  9992
2 43780  97.5529  22.1945 0007802   1.6283 358.4969 15.07790864270753
3CAT-1
1 43781U 18099Z   23320.92507792  .00007163  00000-0  52249-3 0  9993
2 43781  97.5495  18.4480 0007040 346.8371  13.2670 15.03985301270588
SNUSAT-2
1 43782U 18099AA  23321.42976094  .00004034  00000-0  31514-3 0  9991
2 43782  97.5504  19.3042 0014476 300.8505  59.1295 15.01578547270618
SNUGLITE
1 43784U 18099AC  23320.11700641  .00007006  00000-0  53471-3 0  9999
2 43784  97.5269  17.5687 0005174 322.1930  37.8931 15.02288349270469
ITASAT-1
1 43786U 18099AE  23321.42941687  .00003876  00000-0  30556-3 0  9993
2 43786  97.5492  19.8151 0018690 348.7899  11.2906 15.01202020270622
KAZSCISAT-1
1 43787U 18099AF  23320.92643902  .00011127  00000-0  74752-3 0  9991
2 43787  97.5370  19.9024 0006765 332.2273  27.8592 15.06934888270748
IRVINE02
1 43789U 18099AH  23320.14454170  .00007792  00000-0  54077-3 0  9995
2 43789  97.5507  21.5466 0016830 333.4193  26.6169 15.05733580270325
EAGLET-1
1 43790U 18099AJ  23321.12887333  .00003751  00000-0  30179-3 0  9995
2 43790  97.5634  19.9033 0015712 339.8996  20.1607 15.00480898270308
ESEO
1 43792U 18099AL  23321.12799771  .00001634  00000-0  14163-3 0  9998
2 43792  97.5517  17.8594 0011920 339.3955  20.6785 14.98396990270280
CSIM-FD
1 43793U 18099AM  23321.16540677  .00009426  00000-0  61494-3 0  9998
2 43793  97.5596  23.7021 0013637 330.2898  29.7554 15.08013146270603
ASTROCAST-0.1
1 43798U 18099AS  23320.15180932  .00007302  00000-0  50532-3 0  9997
2 43798  97.5665  21.8199 0010302 310.4762  49.5567 15.05936862270617
JY1SAT
1 43803U 18099AX  23320.62219449  .00005600  00000-0  41875-3 0  9991
2 43803  97.5535  19.3919 0009192 319.9486  40.1061 15.03127850270572
SUOMI100
1 43804U 18099AY  23321.12337225  .00006078  00000-0  45865-3 0  9994
2 43804  97.5580  19.6690 0017020 308.7085  51.2617 15.02672650270642
AL-FARABI-2
1 43805U 18099AZ  23321.12418058  .00008450  00000-0  59545-3 0  9995
2 43805  97.5418  20.8634 0011095 305.0592  54.9593 15.05201720270736
CHOMPTT
1 43855U 18104G   23320.88800994  .00045653  00000-0  74994-3 0  9994
2 43855  85.0259  61.4536 0008909 102.7763 257.4491 15.52171249274151
ISAT
1 43879U 18111D   23320.29401729  .00008334  00000-0  58781-3 0  9997
2 43879  97.6303 222.7544 0015050  14.3704 345.7947 15.05132885267199
UWE-4
1 43880U 18111E   23320.71850679  .00006351  00000-0  45353-3 0  9996
2 43880  97.6227 223.6454 0019072  22.3967 337.8088 15.04709515267281
SPARROW
1 43881U 18111F   23321.45903893  .00006492  00000-0  45407-3 0  9992
2 43881  97.6382 225.4549 0013004  52.6804 307.5605 15.05559118265420
ZACUBE-2
1 43907U 18111AH  23321.50071176  .00041197  00000-0  65166-3 0  9992
2 43907  97.1056 198.3659 0013377  26.3582 333.8350 15.53244069272837
LUME-1
1 43908U 18111AJ  23321.43121509  .00078835  00000-0  78811-3 0  9991
2 43908  97.1067 203.7703 0009284  20.4634 339.6997 15.65296451273181
KALAMSAT
1 43948U 19006B   23321.12269506  .00194883  17211-4  56432-3 0  9998
2 43948  98.7858 272.5607 0005442 116.6834 243.4994 15.92975170271560
ASTROCAST-0.2
1 44083U 19018F   23321.15694603  .02553745  23369-5  11326-2 0  9997
2 44083  97.2212  25.9120 0004644 268.5815  91.4944 16.22347148258370
AISTECHSAT-3
1 44103U 19018AB  23321.44822897  .00044392  00000-0  68076-3 0  9998
2 44103  97.2283  19.8255 0007184  78.2734 281.9325 15.54161070258191
AISAT-1
1 44104U 19018AC  23320.86534178  .00032649  00000-0  45035-3 0  9998
2 44104  97.3719  55.8830 0032392  59.1363 301.3071 15.56503268259389
PROX-1
1 44339U 19036A   23320.86887639  .00006579  00000-0  12418-2 0  9992
2 44339  23.9988 152.1385 0009253 149.2677 210.8359 14.61997207234030
METEOR-M2-2
1 44387U 19038A   23321.50943849  .00000059  00000-0  45293-4 0  9991
2 44387  98.7982 285.2560 0000982 161.0900 199.0315 14.23825859227124
VDNH-80
1 44392U 19038G   23321.47734078  .00028495  00000-0  71758-3 0  9993
2 44392  97.6844 308.7540 0015479 109.6997 250.5920 15.39751335241806
LIGHTSAT
1 44393U 19038H   23321.46004346  .00033341  00000-0  79912-3 0  9997
2 44393  97.6840 309.0562 0015477 108.3151 251.9780 15.41219756242020
AMGU-1
1 44394U 19038J   23321.17727545  .00043390  00000-0  92028-3 0  9997
2 44394  97.6806 309.5810 0014520 105.1578 255.1276 15.44827797242041
MOVE-IIB
1 44398U 19038N   23319.79115340  .00423757  00000-0  20123-2 0  9995
2 44398  97.6645 313.0009 0012854 104.4068 255.8627 15.81730181242206
SONATE
1 44400U 19038Q   23321.17364265  .00011652  00000-0  46073-3 0  9996
2 44400  97.7004 302.5327 0020559 132.1093 228.1896 15.25448964241521
TTU101
1 44401U 19038R   23321.46927953  .00050549  00000-0  96139-3 0  9994
2 44401  97.6800 310.1081 0016388 100.4663 259.8434 15.47938616242109
SOKRAT
1 44404U 19038U   23320.71997185  .00042994  00000-0  93230-3 0  9992
2 44404  97.6823 308.4887 0015412 109.7693 250.5217 15.44161318241934
LUCKY-7
1 44406U 19038W   23320.90416884  .00017245  00000-0  59321-3 0  9991
2 44406  97.6957 304.2887 0019040 123.8302 236.4753 15.29971847241626
SEAM-2
1 44411U 19038AB  23321.23656475  .00095539  00000-0  14665-2 0  9999
2 44411  97.6480 311.8458 0020245  99.8967 260.4572 15.53719762241965
BEESAT-9
1 44412U 19038AC  23320.73287123  .00036939  00000-0  89043-3 0  9996
2 44412  97.6853 307.5695 0015672 112.6743 247.6161 15.41022144241553
NARSSCUBE-2
1 44415U 19022E   23320.76945920  .00059237  00000-0  64157-3 0  9996
2 44415  51.6304  97.3495 0005941 177.6897 182.4126 15.62959198240049
JAISAT-1
1 44419U 19038F   23320.72451045  .00036349  00000-0  87403-3 0  9991
2 44419  97.6839 308.6841 0015314 109.8804 250.4094 15.41106413241939
TAURUS-1
1 44530U 19059C   23321.45245055  .00004118  00000-0  10321-2 0  9994
2 44530  98.5639  71.8654 0011776 345.7478  14.3382 14.51892246220860
DUCHIFAT-3
1 44854U 19089C   23321.18739592  .00008551  00000-0  52537-3 0  9991
2 44854  36.9603 254.8122 0006433 159.2710 200.8296 15.09627032215931
OPS-SAT
1 44878U 19092F   23321.00451030  .00042420  00000-0  91336-3 0  9993
2 44878  97.4638 152.6763 0006967 308.9652  51.0975 15.44475265217292
CAS-6
1 44881U 19093C   23321.48566432  .00001034  00000-0  13365-3 0  9995
2 44881  97.8503  37.2708 0013385 300.7842  59.2054 14.82985348211517
FLORIPASAT-1
1 44885U 19093G   23321.41905853  .00003383  00000-0  37984-3 0  9998
2 44885  97.8586  40.9514 0012172 299.0445  60.9551 14.87378157211712
RS-44
1 44909U 19096E   23321.30214697  .00000034  00000-0  91530-4 0  9993
2 44909  82.5221 246.1896 0217122 188.6906 171.0412 12.79723862181796
BY70-2
1 45857U 20042B   23321.51113092  .00021952  00000-0  18038-2 0  9991
2 45857  97.9153  42.6924 0008079 212.8245 147.2477 14.99152967182433
GLOBAL-7
1 46088U 20055BP  23296.32829180  .12819821  12529-4  49117-3 0  9993
2 46088  52.9677 338.7113 0003755 323.9694  36.0195 16.44002016187505
GLOBAL-8
1 46089U 20055BQ  23321.02418193  .00062629  00000-0  71298-3 0  9993
2 46089  52.9885 247.8042 0004453  77.8534 282.2977 15.61694276190951
ION-MK01
1 46274U 20061C   23320.16585966  .00008875  00000-0  36147-3 0  9990
2 46274  97.3314  23.2512 0006519 115.0068 245.1847 15.24694302177315
UPMSAT-2
1 46276U 20061E   23321.43284217  .00008408  00000-0  32036-3 0  9993
2 46276  97.3286  25.9938 0002329 121.4734 238.6732 15.26956805177649
SIMBA
1 46279U 20061H   23321.17717981  .00027374  00000-0  89047-3 0  9993
2 46279  97.3836  27.1006 0001893 233.5464 126.5603 15.31848971177094
TRISAT
1 46280U 20061J   23321.34099860  .00020575  00000-0  71573-3 0  9994
2 46280  97.3737  26.2385 0001904 236.7942 123.3116 15.29734462177095
AMICALSAT
1 46287U 20061R   23321.16757531  .00014481  00000-0  57823-3 0  9998
2 46287  97.3815  25.1303 0000647 262.5350  97.5814 15.25251109176982
TTU100
1 46312U 20061AS  23321.47330546  .00024391  00000-0  75262-3 0  9992
2 46312  97.3866  29.8875 0002711 155.6350 204.5021 15.33561755177260
MEZNSAT
1 46489U 20068D   23321.09355263  .00013807  00000-0  69898-3 0  9993
2 46489  97.7860 274.3928 0012692 319.5277  40.5010 15.17061327172372
YARILO-1
1 46490U 20068E   23321.40609031  .00013431  00000-0  65703-3 0  9999
2 46490  97.7868 275.2507 0012138 319.6570  40.3761 15.18273782172458
YARILO-2
1 46491U 20068F   23321.12306747  .00014582  00000-0  72122-3 0  9998
2 46491  97.7878 274.7561 0012252 322.2641  37.7732 15.17867406172392
DEKART
1 46493U 20068H   23320.80524593  .00007267  00000-0  43963-3 0  9998
2 46493  97.7898 271.5474 0015070 331.9512  28.0904 15.10857717172132
NORBI
1 46494U 20068J   23321.43457675  .00006528  00000-0  38249-3 0  9995
2 46494  97.7893 272.5613 0014258 329.2266  30.8126 15.12071286172258
SALSAT
1 46495U 20068K   23321.14338153  .00005791  00000-0  36314-3 0  9995
2 46495  97.7894 271.0873 0013857 327.3063  32.7307 15.09658289172139
NETSAT-4
1 46504U 20068U   23321.11703192  .00006980  00000-0  43033-3 0  9999
2 46504  97.7810 268.7512 0011538  21.6778 338.4937 15.10222877171969
NETSAT-3
1 46505U 20068V   23321.43881239  .00005274  00000-0  32901-3 0  9991
2 46505  97.7786 268.8033 0010933  28.9174 331.2658 15.09914285172016
NETSAT-1
1 46506U 20068W   23320.40117072  .00006076  00000-0  38583-3 0  9998
2 46506  97.7803 267.5470 0009745  40.6768 319.5187 15.09210174171849
NETSAT-2
1 46507U 20068X   23321.12223226  .00007042  00000-0  43522-3 0  9991
2 46507  97.7802 268.4583 0009424  46.2041 313.9966 15.10144585171919
APSS-1
1 46932U 20085D   23321.38222931  .00098473  00000-0  93027-3 0  9995
2 46932  97.4901 112.8536 0005613 356.7215   3.4007 15.66683610167040
CAPE-3
1 47309U 21002A   23321.03860602  .00078968  00000-0  95938-3 0  9999
2 47309  60.6679 183.9927 0020991  35.7729 324.4777 15.59803129157956
FOX-1E
1 47311U 21002C   23320.22473267  .00044554  00000-0  73511-3 0  9996
2 47311  60.6760 189.5207 0021780  34.4901 325.7608 15.51721453157765
EXOCUBE-2
1 47319U 21002L   23320.90339129  .00045440  00000-0  78508-3 0  9993
2 47319  60.6720 189.8829 0022166  33.9468 326.3045 15.50410902157780
UVSQ-SAT
1 47438U 21006AB  23320.89783857  .00019995  00000-0  67184-3 0  9992
2 47438  97.3636  16.2430 0007090 258.8853 101.1591 15.30845730155952
YUSAT-1
1 47439U 21006AC  23320.90674290  .00029456  00000-0  84657-3 0  9992
2 47439  97.3634  17.8131 0006525 251.9148 108.1385 15.35751958156052
ASELSAT
1 47441U 21006AE  23321.41701827  .00030869  00000-0  81689-3 0  9991
2 47441  97.3517  18.1503 0006381 250.8035 109.2520 15.38312266156146
SOMP-2B
1 47445U 21006AJ  23321.43103211  .00015854  00000-0  55137-3 0  9996
2 47445  97.3594  15.7530 0007088 263.7945  96.2489 15.29776417155999
IDEASSAT
1 47458U 21006AX  23320.90425147  .00016912  00000-0  60845-3 0  9994
2 47458  97.3695  16.0233 0006535 265.6693  94.3801 15.28656803155886
CANYVAL-C1
1 47938U 21022G   23321.42176735  .00008992  00000-0  44859-3 0  9995
2 47938  97.4758 216.3597 0016974 156.0910 204.1116 15.17623580146290
CANYVAL-C2
1 47938U 21022G   23321.42176735  .00008992  00000-0  44859-3 0  9995
2 47938  97.4758 216.3597 0016974 156.0910 204.1116 15.17623580146290
WILDTRACKCUBE-SIMBA
1 47941U 21022K   23321.47618032  .00007217  00000-0  38478-3 0  9994
2 47941  97.4787 215.8870 0017999 159.6432 200.5521 15.15337502146193
UNISAT-7
1 47945U 21022P   23321.47370180  .00005169  00000-0  29141-3 0  9998
2 47945  97.4771 215.8575 0016362 152.1339 208.0773 15.13504104146092
NANOSATC-BR2
1 47950U 21022U   23321.50478781  .00012558  00000-0  57323-3 0  9997
2 47950  97.4754 217.4198 0016243 151.4602 208.7526 15.20623606146327
CUBESX-SIRIUS-HSE
1 47951U 21022V   23321.49644948  .00009035  00000-0  45398-3 0  9991
2 47951  97.4786 216.5573 0017537 155.9312 204.2744 15.17359975146249
CUBESX-HSE
1 47952U 21022W   23321.46264264  .00010027  00000-0  50227-3 0  9998
2 47952  97.4785 216.5859 0017442 155.5609 204.6455 15.17438852146241
KSU-CUBESAT
1 47954U 21022Y   23321.27437817  .00011625  00000-0  55934-3 0  9990
2 47954  97.4791 217.0372 0016721 153.3605 206.8492 15.18817111145971
KMSL
1 47958U 21022AC  23321.42016314  .00005954  00000-0  32421-3 0  9990
2 47958  97.4745 215.0647 0018223 161.8167 198.3721 15.14659999144976
GRBALPHA
1 47959U 21022AD  23321.50657687  .00008937  00000-0  44697-3 0  9996
2 47959  97.4790 216.7390 0017313 155.2907 204.9159 15.17530534145075
ORBICRAFT-ZORKIY
1 47960U 21022AE  23321.44452002  .00010218  00000-0  49510-3 0  9999
2 47960  97.4827 217.3665 0016923 153.4891 206.7213 15.18602864145784
STECCO
1 47962U 21022AG  23321.47483976  .00024051  00000-0  86041-3 0  9998
2 47962  97.4797 221.4790 0012188 128.3020 231.9317 15.28720551145387
SMOG-1
1 47964U 21022AJ  23320.96411262  .00029922  00000-0  10258-2 0  9990
2 47964  97.4815 221.8312 0013976 126.5713 233.6815 15.30042241145354
BCCSAT-1
1 48041U 21022AK  23321.47329504  .00020522  00000-0  79167-3 0  9993
2 48041  97.4808 220.5962 0012186 126.9734 233.2622 15.26262075145298
FEES
1 48082U 21022AL  23321.26623803  .00084323  00000-0  16110-2 0  9991
2 48082  97.4762 225.7479 0011691 101.9793 258.2768 15.47737964145341
BEESAT-5
1 48083U 21022AM  23320.99814775  .00035436  00000-0  11880-2 0  9991
2 48083  97.4592 219.7293 0014094 136.5459 223.6895 15.30728765145374
BEESAT-6
1 48083U 21022AM  23320.99814775  .00035436  00000-0  11880-2 0  9991
2 48083  97.4592 219.7293 0014094 136.5459 223.6895 15.30728765145374
BEESAT-7
1 48084U 21022AN  23321.47387419  .00026503  00000-0  93574-3 0  9992
2 48084  97.4733 220.0453 0014238 136.6857 223.5504 15.29104072145001
BEESAT-8
1 48084U 21022AN  23321.47387419  .00026503  00000-0  93574-3 0  9992
2 48084  97.4733 220.0453 0014238 136.6857 223.5504 15.29104072145001
CSS
1 48274U 21035A   23321.37987802  .00027720  00000-0  31165-3 0  9998
2 48274  41.4721 303.1940 0004796 167.0758 193.0205 15.61957181145785
TUBIN
1 48900U 21059X   23321.44428278  .00009104  00000-0  38957-3 0  9997
2 48900  97.6206  96.5756 0009188 107.8657 252.3581 15.23009412132471
PAINANI-2
1 48942U 21059BR  23321.46375628  .00074636  00000-0  11073-2 0  9996
2 48942  97.6099 108.0794 0004624  58.8530 301.3176 15.54961024133200
QMR-KWT
1 48943U 21059BS  23320.66659629  .00026466  00000-0  78610-3 0  9993
2 48943  97.6146 100.5839 0005546  95.6499 264.5376 15.34745711132682
DHABISAT
1 49016U 21013F   23320.92317921  .00137130  00000-0  11448-2 0  9996
2 49016  51.5798  33.8591 0004408 335.0517  25.0266 15.69090787133556
IT-SPINS
1 49017U 21013G   23320.84258718  .00080011  00000-0  96925-3 0  9995
2 49017  51.5865  42.4974 0001191 280.1556  79.9302 15.59945721133377
LEDSAT
1 49069U 21073D   23321.15133097  .00009766  00000-0  48516-3 0  9996
2 49069  97.4657  29.6314 0021205 311.8203  48.1219 15.17672668124079
CUTE
1 49263U 21088D   23320.61300736  .00009758  00000-0  56472-3 0  9995
2 49263  97.5264  23.9815 0017804 100.0499 260.2741 15.12310894117296
TEIKYOSAT-4
1 49396U 21102B   23320.89710413  .00002342  00000-0  17809-3 0  9999
2 49396  97.4905   8.0650 0012989 283.7329  76.2451 15.03012866110705
NANODRAGON
1 49398U 21102D   23320.87903723  .00005432  00000-0  36135-3 0  9993
2 49398  97.4576   8.5350 0012833 256.7362 103.2435 15.07487276110863
Z-SAT
1 49399U 21102E   23321.42772095  .00003773  00000-0  26095-3 0  9992
2 49399  97.4640   9.7760 0020012 266.4990  93.3949 15.06141963110944
KOSEN-1
1 49402U 21102H   23321.10455661  .00004669  00000-0  30351-3 0  9994
2 49402  97.4566  10.2792 0018763 253.4119 106.5049 15.08339717110998
XW-3
1 50466U 21131B   23321.48526307  .00000588  00000-0  20412-3 0  9998
2 50466  98.5438  42.5081 0004918  53.2321 306.9318 14.39188846 99402
TEVEL-3
1 50988U 22002E   23321.14467441  .00027403  00000-0  83460-3 0  9998
2 50988  97.4141  27.7350 0006750  58.8346 301.3557 15.33934699102137
TEVEL-8
1 50989U 22002F   23321.43173283  .00023801  00000-0  72721-3 0  9995
2 50989  97.4156  28.0982 0006703  57.4690 302.7200 15.33863179102172
ION-SCV004
1 50993U 22002K   23321.45867968  .00003619  00000-0  19191-3 0  9999
2 50993  97.4198  22.1614 0009955  66.6415 293.5864 15.15956967101764
TEVEL-5
1 50998U 22002Q   23321.44583653  .00025325  00000-0  74027-3 0  9996
2 50998  97.4134  28.6431 0007493  51.1289 309.0621 15.35244401102221
TEVEL-6
1 50999U 22002R   23321.44482953  .00025977  00000-0  75952-3 0  9999
2 50999  97.4132  28.6323 0007503  50.8965 309.2944 15.35231544102223
TEVEL-1
1 51013U 22002AF  23321.42100971  .00024595  00000-0  75101-3 0  9993
2 51013  97.4132  27.9257 0006520  58.1349 302.0528 15.33876868102179
SATLLA-2B
1 51014U 22002AG  23303.20475430  .12381607  24978-5  19166-2 0  9991
2 51014  97.3991  20.6666 0011229 283.0062  76.9980 16.33904423100019
SANOSAT-1
1 51031U 22002AZ  23320.95819009  .00101429  00000-0  15656-2 0  9999
2 51031  97.4236  33.4585 0004203  19.8993 340.2424 15.53770017102423
IRIS-A
1 51044U 22002BN  23321.15278850  .00010317  00000-0  43679-3 0  9991
2 51044  97.4159  24.4868 0008608  69.6758 290.5403 15.23332409101913
TEVEL-7
1 51062U 22002CG  23321.42999041  .00024179  00000-0  73769-3 0  9997
2 51062  97.4152  28.0665 0006667  56.9802 303.2081 15.33905229102173
TEVEL-4
1 51063U 22002CH  23321.44330244  .00023789  00000-0  72826-3 0  9993
2 51063  97.4150  28.0424 0006599  57.2808 302.9070 15.33801779102178
DEWASAT-1
1 51067U 22002CM  23321.35901303  .00016744  00000-0  60840-3 0  9993
2 51067  97.4180  26.0384 0006990  80.9707 279.2323 15.28330580102026
TEVEL-2
1 51069U 22002CP  23321.47185943  .00025000  00000-0  76117-3 0  9991
2 51069  97.4139  28.0308 0006654  58.1158 302.0731 15.33964693102183
DELFI-PQ
1 51074U 22002CU  23320.66526042  .00158776  00000-0  17112-2 0  9992
2 51074  97.4357  37.0246 0003183  45.6772 314.4746 15.63161427102550
HADES
1 51080U 22002DA  23320.44800946  .00038610  00000-0  97365-3 0  9996
2 51080  97.4430  32.4104 0008564  81.0478 279.1737 15.39729186102222
EASAT-2
1 51081U 22002DB  23321.44930746  .00035950  00000-0  89193-3 0  9994
2 51081  97.4416  33.4452 0008543  76.9621 283.2578 15.40241845102383
VZLUSAT-2
1 51085U 22002DF  23321.27416828  .00007966  00000-0  36162-3 0  9993
2 51085  97.4195  23.6069 0013441  80.8356 279.4399 15.20980153101846
INSPIRESAT-1
1 51657U 22013B   23321.26781324  .00005812  00000-0  26619-3 0  9999
2 51657  97.5436 332.3224 0009419 185.5237 174.5896 15.20844405 97158
INS-2TD
1 51658U 22013C   23321.48766832  .00016069  00000-0  57329-3 0  9999
2 51658  97.5406 334.9777 0007903 171.8840 188.2529 15.28938696 97352
NOUR-2
1 51954U 22024A   23321.48727110  .00034129  00000-0  68270-3 0  9990
2 51954  58.2755 146.9385 0019240  91.5304 268.7971 15.46377222 94712
ORESAT0
1 52017U 22026K   23320.75439145  .00022641  00000-0  72446-3 0  9996
2 52017  97.5092 324.3348 0015775 265.6290  94.3149 15.32300640 92848
ALFACRUX
1 52160U 22033D   23320.22603932  .00054205  00000-0  95536-3 0  9998
2 52160  97.3430  43.1792 0004758 344.5385  15.5720 15.50236891 90755
ION-SCV005
1 52163U 22033G   23311.87597201  .00077848  00000-0  79650-3 0  9990
2 52163  97.3427  54.6229 0019047 235.8267 124.1187 15.64534155 90746
BDSAT
1 52175U 22033U   23321.21038084  .00064032  00000-0  93552-3 0  9999
2 52175  97.3417  46.2583 0006683 307.3166  52.7479 15.55410113 91044
PLANTSAT
1 52188U 22033AH  23321.20718765  .00066144  00000-0  96215-3 0  9998
2 52188  97.3432  46.0273 0002588 326.4490  33.6600 15.55542165 90980
SUCHAI-3
1 52191U 22033AL  23321.51117555  .00035341  00000-0  77624-3 0  9994
2 52191  97.3528  43.5015 0006012 310.7235  49.3491 15.43929410 90841
SUCHAI-2
1 52192U 22033AM  23321.49690683  .00018848  00000-0  49685-3 0  9999
2 52192  97.3319  41.4962 0006323 351.2701   8.8434 15.38532020 90816
TRSI-2
1 52419U 22047AB  23321.20495212  .00024530  00000-0  79885-3 0  9996
2 52419  97.4105  43.2171 0006783 168.4264 191.7135 15.31815705 86997
TRSI-3
1 52420U 22047AC  23321.17716289  .00037020  00000-0  10352-2 0  9995
2 52420  97.4093  44.2875 0005983 169.7420 190.3948 15.36565122 87062
PLANETUM-1
1 52738U 22057G   23321.31597477  .00016281  00000-0  62877-3 0  9996
2 52738  97.5519  77.9253 0006502 171.6675 188.4673 15.26325298 81966
FORESAIL-1
1 52765U 22057AK  23321.43000119  .00012885  00000-0  52064-3 0  9994
2 52765  97.5628  79.1025 0010971 149.4315 210.7563 15.24834053 82002
STEP-CUBELAB-II
1 52897U 22065D   23321.42973836  .00001081  00000-0  23691-3 0  9993
2 52897  98.0918 102.1670 0010189  95.2625 264.9738 14.59553984 73780
RANDEV
1 52898U 22065E   23321.46737137  .00001171  00000-0  25514-3 0  9996
2 52898  98.0914 102.2646 0009445  97.0488 263.1786 14.59689201 73518
SNUGLITE-II
1 52899U 22065F   23321.37176357  .00001307  00000-0  28271-3 0  9992
2 52899  98.0907 102.2084 0008968  97.7475 262.4744 14.59855589 73205
MIMAN
1 52900U 22065G   23321.37432887  .00000762  00000-0  17147-3 0  9992
2 52900  98.0929 101.9665 0008988  92.4288 267.7941 14.59121753 72800
CTIM
1 52950U 22074G   23321.40700674  .00465826  88040-4  17042-2 0  9996
2 52950  44.9949 206.5297 0017374 212.7779 147.2050 15.87372230 77461
GREENCUBE
1 53106U 22080B   23320.11518823 -.00000003  00000-0  00000-0 0  9990
2 53106  70.1429 266.9072 0008228 154.5968 205.5097  6.42557250 31514
ASTROBIO
1 53107U 22080C   22364.14200119 -.00000003  00000-0  00000-0 0  9997
2 53107  70.1674  18.5562 0013489 216.1674 143.8074  6.42110599 10793
TRISAT-R
1 53108U          23204.45206019  .00000000  00000-0  00000-0 0    08
2 53108  70.1723 310.2350 0013151 178.6255 304.3022  6.42152414    01
MTCUBE-2
1 53109U 22080E   23320.25046934 -.00000003  00000-0  00000-0 0  9997
2 53109  70.1270 266.5231 0008196 136.6603 223.4702  6.42584112 31413
CELESTA
1 53111U 22080G   22358.06330769 -.00000004  00000-0  00000-0 0  9992
2 53111  69.2773  19.5555 0366666 271.5023  84.3670  6.43213138 10381
POLYTECH-UNIVERSE-2
1 53371U 22096B   23321.46187401  .00019439  00000-0  49518-3 0  9996
2 53371  97.4027 227.5909 0002873  62.5658 297.5880 15.39594486 71164
POLYTECH-UNIVERSE-1
1 53372U 22096C   23321.47184728  .00018805  00000-0  48834-3 0  9993
2 53372  97.4021 227.4047 0002763  62.0831 298.0694 15.39010022 71132
CYCLOPS
1 53373U 22096D   23321.50942621  .00064610  00000-0  92114-3 0  9997
2 53373  97.3989 230.9502 0004778  79.8102 280.3692 15.56087473 71376
MONITOR-1
1 53374U 22096E   23321.49464198  .00055788  00000-0  86998-3 0  9993
2 53374  97.3932 230.4021 0004199  72.6575 287.5137 15.53666103 71348
KUZBASS-300
1 53375U 22096F   23321.46118255  .00034953  00000-0  68322-3 0  9993
2 53375  97.4001 229.3503 0003342  65.6274 294.5325 15.47368340 71269
UTMN
1 53376U 22096G   23321.46645485  .00039886  00000-0  73950-3 0  9997
2 53376  97.3988 229.6299 0003840  70.6380 289.5286 15.48864727 71288
MIET-AIS
1 53377U 22096H   23321.49283342  .00032100  00000-0  65988-3 0  9995
2 53377  97.4014 229.1844 0003182  67.4866 292.6720 15.45916985 71259
KAI-1
1 53378U 22096J   23321.47585604  .00026137  00000-0  59592-3 0  9997
2 53378  97.4035 228.4959 0002895  64.5119 295.6428 15.42891987 71205
SKOLTECH-B1
1 53379U 22096K   23321.50583715  .00019420  00000-0  48076-3 0  9995
2 53379  97.4019 228.1094 0001434 146.0310 214.1028 15.40469923 71180
SKOLTECH-B2
1 53380U 22096L   23321.47982884  .00019995  00000-0  49103-3 0  9992
2 53380  97.4014 228.1327 0001022 139.9847 220.1475 15.40708458 71187
ISOI
1 53381U 22096M   23321.47556915  .00032758  00000-0  64683-3 0  9997
2 53381  97.4008 229.6307 0002137 117.9481 242.1986 15.47091416 71281
RESHUCUBE
1 53382U 22096N   23321.44724426  .00026267  00000-0  57324-3 0  9991
2 53382  97.4020 228.9603 0001574 129.1221 231.0168 15.44197460 71235
CUBESX-HSE-2
1 53383U 22096P   23321.48789456  .00039509  00000-0  73344-3 0  9993
2 53383  97.3996 229.9225 0002172 116.1230 244.0244 15.48835246 71301
SIREN
1 53384U 22096Q   23321.48665220  .00026011  00000-0  54783-3 0  9996
2 53384  97.4016 229.2082 0001968 127.5410 232.6018 15.45250033 71256
GEOSCAN
1 53385U 22096R   23321.47761858  .00076298  00000-0  96729-3 0  9998
2 53385  97.3970 231.8612 0004668 114.1672 246.0072 15.59195906 71469
VIZARD
1 53386U 22096S   23320.82386754  .00258898  00000-0  14689-2 0  9997
2 53386  97.3927 233.6625 0007286 110.4306 249.7744 15.78289216 71519
BLUEWALKER3
1 53807U 22111AL  23321.51314051  .00005693  00000-0  25391-3 0  9997
2 53807  53.2293  91.0360 0011930 158.3232 201.8274 15.22816686 65792
SELFIESAT
1 53951U 22057BC  23320.31716928  .00026769  00000-0  92250-3 0  9997
2 53951  97.5562  78.2186 0007510 170.3526 189.7859 15.29964205 81872
SKIF-D
1 54153U 22139D   23320.32484261  .00000032  00000-0  00000-0 0  9990
2 54153  89.9990  96.7922 0007973 105.6213 254.5056  5.00435540 16889
THYBOLT-1
1 54363U 22158C   23321.51901502  .00036239  00000-0  88766-3 0  9994
2 54363  97.4434  61.2658 0006821  86.5376 273.6650 15.40643738 54384
THYBOLT-2
1 54364U 22158D   23321.47966624  .00034865  00000-0  86437-3 0  9992
2 54364  97.4436  61.1668 0006750  88.0123 272.1895 15.40284646 54378
INS-2B
1 54365U 22158E   23321.53094261  .00030930  00000-0  79588-3 0  9997
2 54365  97.4402  60.9008 0007594  99.1762 261.0342 15.39166265 54374
CAS-5A
1 54684U 22167C   23321.45838446  .00013041  00000-0  62486-3 0  9996
2 54684  97.5823  98.6647 0012494 164.1538 196.0090 15.18989945 51900
STAR-VIBE
1 55009U 23001A   23321.39744885  .00004849  00000-0  25583-3 0  9995
2 55009  97.4569  17.8065 0008761 206.7948 153.2833 15.15979229 48238
TAUSAT-2
1 55073U 23001BS  23320.60876433  .00012464  00000-0  53725-3 0  9995
2 55073  97.4588  19.0784 0014695 173.3940 186.7493 15.22609502 48242
BDSAT-2
1 55098U 23001CT  23320.13514036  .00015726  00000-0  66968-3 0  9995
2 55098  97.4623  18.7881 0014085 187.7026 172.3996 15.22974651 48171
KUWAITSAT-1
1 55103U 23001CY  23321.11313702  .00006218  00000-0  30721-3 0  9992
2 55103  97.4612  18.6477 0015559 186.1177 173.9869 15.18110560 48254
SHARJAHSAT-1
1 55104U 23001CZ  23321.42340982  .00005680  00000-0  29444-3 0  9999
2 55104  97.4589  18.0060 0010470 209.4377 150.6267 15.16520023 48248
EOS-7
1 55562U 23019A   23321.30234438  .00022676  00000-0  46032-3 0  9997
2 55562  37.1799 145.5134 0003990 280.8413  79.1899 15.45545301 43318
AZAADISAT-2
1 55563U 23019B   23321.49965704  .00454327  87105-4  97966-3 0  9994
2 55563  37.1680 106.6679 0011847 350.2786   9.7761 15.97313901 43745
KILICSAT
1 56181U 23054D   23321.48367217  .00012309  00000-0  45760-3 0  9994
2 56181  97.3835 214.4174 0006793 201.4850 158.6105 15.27649844 33536
SSS-2B
1 56184U 23054G   23321.45525789  .00014547  00000-0  53281-3 0  9997
2 56184  97.3901 214.6345 0007792 203.1504 156.9386 15.28093006 33536
CIRBE
1 56188U 23054L   23321.45967794  .00021863  00000-0  74489-3 0  9999
2 56188  97.3852 214.7973 0006946 187.5428 172.5709 15.30378711 33550
INSPIRESAT-7
1 56211U 23054AK  23320.94884734  .00023204  00000-0  74323-3 0  9999
2 56211  97.3873 214.9342 0011247 177.8217 182.3076 15.32321436 33516
ROSEYCUBESAT-1
1 56212U 23054AL  23321.48409145  .00022088  00000-0  69007-3 0  9991
2 56212  97.3879 215.6083 0011477 174.7094 185.4272 15.33126269 33607
IRIS-C
1 56221U 23054AV  23321.15386562  .00020271  00000-0  70626-3 0  9993
2 56221  97.3832 214.3785 0010481 177.1122 183.0181 15.29636202 33492
DISCO-1
1 56222U 23054AW  23321.43135454  .00012765  00000-0  46926-3 0  9992
2 56222  97.3813 214.4336 0010978 185.7549 174.3566 15.27974943 33523
ROM-2
1 56230U 23084BP  23321.39255651  .00048017  00000-0  17809-2 0  9997
2 56230  97.5192  76.8093 0009476  39.0747 321.1175 15.27404994 23897
ARKSAT-1
1 56311U 98067VC  23303.36046836  .12102456  12496-4  69912-3 0  9990
2 56311  51.6108 354.3555 0003487 324.9128  35.1669 16.41813173 29635
EXALTA-2
1 56313U 98067VE  23301.32854596  .14539715  12600-4  39526-3 0  9995
2 56313  51.6066   4.7453 0003867 317.2422  42.8305 16.45516797 29332
NEUDOSE
1 56315U 98067VG  23321.30730749  .00620773  18463-3  11343-2 0  9998
2 56315  51.6214 268.0179 0005326 117.3082 242.8471 16.00754982 32388
YUKONSAT
1 56316U 98067VH  23314.03801477  .05908295  12176-4  10306-2 0  9995
2 56316  51.6126 301.1501 0000576 118.0465 242.0616 16.32067439 31318
SNIPE-4
1 56744U 23072B   23321.50941001  .00005567  00000-0  34844-3 0  9990
2 56744  97.5471 145.8136 0009455  60.1293 300.0875 15.09757910 26547
SNIPE-2
1 56745U 23072C   23321.09422368  .00013533  00000-0  83597-3 0  9996
2 56745  97.5481 145.4685 0009292  67.8200 292.4014 15.09961364 26487
SNIPE-3
1 56746U 23072D   23321.45625500  .00006875  00000-0  42057-3 0  9997
2 56746  97.5487 145.9069 0009761  65.2582 294.9663 15.10512825 26541
SNIPE-1
1 56749U 23072G   23321.49784658  .00005493  00000-0  33636-3 0  9992
2 56749  97.5291 145.5593 0011116  70.0548 290.1878 15.10549654 26555
OTTER-PUP
1 56933U 23084B   23321.31441427  .00007762  00000-0  39217-3 0  9997
2 56933  97.5235  75.8154 0008665  23.1453 337.0169 15.17322384 23822
ION-SCV011
1 56957U 23084AB  23320.31468777  .00000900  00000-0  14086-3 0  9993
2 56957  98.0398  76.1710 0070666 269.2232  90.0879 14.73650669 23245
TOMORROW-R2
1 56959U 23084AD  23320.28991098  .00006278  00000-0  33334-3 0  9999
2 56959  97.5268  74.9706 0013890  42.8451 317.3861 15.15594302 23673
SPEISAT
1 56991U 23084BT  23320.28623513  .00013102  00000-0  64119-3 0  9998
2 56991  97.5219  75.1996 0011710  26.7187 333.4648 15.18259632 23696
URESAT-1
1 56992U 23084BU  23321.26344500  .00012837  00000-0  65633-3 0  9990
2 56992  97.5192  75.6837 0016804  51.5258 308.7479 15.16667465 23805
MRC-100
1 56993U 23084BV  23321.31796986  .00013628  00000-0  68882-3 0  9994
2 56993  97.5195  75.7763 0016772  51.5448 308.7287 15.17055807 23824
METEOR-M2-3
1 57166U 23091A   23321.47663975  .00000013  00000-0  24947-4 0  9992
2 57166  98.7457  12.7165 0004541  39.5685 320.5825 14.23855094 20355
UMKA-1
1 57172U 23091G   23321.45814398  .00002978  00000-0  21471-3 0  9994
2 57172  97.6452  10.7374 0019299 122.6623 237.6468 15.04769839 21473
CUBEBEL-2
1 57175U 23091K   23321.43510636  .00005206  00000-0  37448-3 0  9991
2 57175  97.6434  10.6049 0017071 135.2725 224.9881 15.04554184 21465
STRATOSAT-TK1
1 57177U 23091M   23321.46745278  .00003640  00000-0  26155-3 0  9991
2 57177  97.6473  10.7605 0020353 118.9138 241.4133 15.04746064 21477
CUBESX-HSE-3
1 57178U 23091N   23321.45702413  .00004208  00000-0  29911-3 0  9999
2 57178  97.6487  10.8090 0020182 118.1768 242.1500 15.05060013 21473
MONITOR-3
1 57180U 23091Q   23321.46584226  .00004245  00000-0  30301-3 0  9999
2 57180  97.6485  10.7863 0020537 118.2069 242.1235 15.04892766 21472
MONITOR-4
1 57182U 23091S   23321.46667770  .00004311  00000-0  30771-3 0  9992
2 57182  97.6480  10.7753 0020559 118.8614 241.4678 15.04886705 21472
MONITOR-2
1 57184U 23091U   23321.46730652  .00002935  00000-0  20913-3 0  9991
2 57184  97.6487  10.9341 0016592 112.6115 247.6868 15.05270755 21489
CSTP-1.2
1 57186U 23091W   23321.48054682  .00003821  00000-0  26511-3 0  9992
2 57186  97.6473  11.0577 0015789 105.9265 254.3703 15.06089852 21498
SVYATOBOR-1
1 57187U 23091X   23321.36772394  .00004822  00000-0  33550-3 0  9990
2 57187  97.6475  10.9130 0015698 111.9443 248.3454 15.05856760 21471
HORS-1
1 57188U 23091Y   23321.43030128  .00004965  00000-0  34494-3 0  9997
2 57188  97.6459  10.9586 0015408 113.7459 246.5386 15.05900457 21483
VIZARD-METEO
1 57189U 23091Z   23321.45932519  .00004584  00000-0  31384-3 0  9997
2 57189  97.6476  11.0857 0015161 109.6047 250.6818 15.06493905 21492
NANOZOND-1
1 57190U 23091AA  23321.41777824  .00007027  00000-0  46820-3 0  9997
2 57190  97.6453  11.0888 0013421 115.2677 244.9943 15.07332868 21498
POLYTECH-UNIVERSE-3
1 57191U 23091AB  23321.45394659  .00002670  00000-0  19114-3 0  9998
2 57191  97.6444  10.7403 0021919 129.3003 231.0172 15.05087321 21476
AVION-KALUGA-650
1 57195U 23091AF  23321.44024259  .00003272  00000-0  23094-3 0  9998
2 57195  97.6484  10.9985 0015277 114.2956 245.9868 15.05558485 21482
HORS-2
1 57197U 23091AH  23321.47318098  .00005109  00000-0  35048-3 0  9993
2 57197  97.6464  11.0347 0015193 115.2720 245.0083 15.06363017 21490
YARILO-3
1 57198U 23091AJ  23321.47556916  .00009505  00000-0  61936-3 0  9996
2 57198  97.6508  11.2833 0014479 114.5003 245.7737 15.08045279 21508
CSTP-1.1
1 57202U 23091AN  23321.45361696  .00002567  00000-0  18451-3 0  9994
2 57202  97.6507  10.9746 0014009 110.2185 250.0549 15.05092298 21482
UTMN-2
1 57203U 23091AP  23321.47075214  .00004572  00000-0  31463-3 0  9991
2 57203  97.6479  11.0700 0015525 109.7304 250.5600 15.06298975 21498
ARCCUBE-1
1 57205U 23091AR  23321.47936873  .00007679  00000-0  50816-3 0  9994
2 57205  97.6435  11.1301 0013821 116.5306 243.7341 15.07551019 21505
KUZGTU-1
1 57217U 23091AV  23321.38838374  .00004015  00000-0  28576-3 0  9993
2 57217  97.6459  10.7004 0020032 119.6713 240.6511 15.05041942 21464
SC-ODIN
1 57312U 98067VQ  23321.42301858  .00145236  00000-0  96162-3 0  9998
2 57312  51.6351 280.2078 0007981  76.9004 283.2885 15.74527066 20910
RADSAT-SK
1 57313U 98067VR  23321.32852262  .00099758  00000-0  80565-3 0  9995
2 57313  51.6342 281.8311 0006992  80.4622 279.7165 15.70023581 20892
UKPIK-1
1 57314U 98067VS  23311.00785040  .09604230  12246-4  15842-2 0  9999
2 57314  51.6113 325.9923 0003414  23.1385 336.9792 16.32602117 19374
IRIS
1 57315U 98067VT  23321.47300196  .00144910  00000-0  94921-3 0  9999
2 57315  51.6323 279.7787 0007842  75.2701 284.9167 15.74777477 20930
ESSENCE
1 57316U 98067VU  23320.46694038  .00045446  00000-0  43662-3 0  9999
2 57316  51.6347 285.8272 0003675  28.8284 331.2914 15.66115685 20758
MOONLIGHTER
1 57317U 98067VV  23321.41365164  .00574417  14735-3  14106-2 0  9999
2 57317  51.6321 275.6116 0008379 100.4097 259.7856 15.95435697 20973
MAYA-6
1 57419U 98067VW  23320.31585287  .00365339  00000-0  14592-2 0  9997
2 57419  51.6282 284.0131 0006875  87.1861 272.9930 15.85014676 18776
MAYA-5
1 57420U 98067VX  23321.15832221  .00330026  00000-0  13868-2 0  9995
2 57420  51.6267 279.8821 0006614  89.7902 270.3859 15.84042024 18908
VELOX-M
1 57482U 23109B   23321.35977965  .00007874  00000-0  36782-3 0  9998
2 57482   5.0029 163.9723 0012130 233.2007 126.6988 15.14221966 16733
GALASSIA-2
1 57486U 23109F   23294.88823705  .00015496  00000-0  81652-3 0  9996
2 57486   5.0070   5.7488 0005653 190.4766 169.5224 15.12264291 12700
NOUR-3
1 57962U 23150A   23321.48583285  .00018019  00000-0  41282-3 0  9993
2 57962  60.0113 154.3301 0013198 349.4248  10.6561 15.42832493  7866
ANSWER-FOLLOWER-1
1 58018U 23155C   23321.45390205  .00003388  00000-0  28326-3 0  9993
2 58018  97.6644  29.6329 0006779 204.8708 155.2190 14.99142471  5896
ANSWER-FOLLOWER-2
1 58019U 23155D   23321.45272429  .00003314  00000-0  27684-3 0  9996
2 58019  97.6644  29.6345 0006687 205.8233 154.2658 14.99197373  5896
CSC-2
1 58021U 23155F   23321.44512852  .00001782  00000-0  15027-3 0  9990
2 58021  97.6662  29.6532 0003601 220.3500 139.7456 14.99422859  5893
CSC-1
1 58022U 23155G   23321.44406543  .00004022  00000-0  33231-3 0  9997
2 58022  97.6651  29.6504 0003544 221.5878 138.5076 14.99504674  5899
PRETTY
1 58023U 23155H   23321.15838112  .00006000  00000-0  48199-3 0  9994
2 58023  97.6737  29.4232 0001279 140.5920 219.5396 15.00402679  5858
MACSAT
1 58024U 23155J   23321.15668920  .00005429  00000-0  43671-3 0  9997
2 58024  97.6747  29.4259 0001486 109.3281 250.8103 15.00394481  5857
